#gd:1|5|9|1
esto
es
un
test
decription
----------
#gd:2|5|9|1


dddddd


----------
#gd:3|5|9|1

d
w
a

----------
#l:1|11|121|1|0
#l:2|121|122|1|0
#l:3|122|123|1|0
#l:4|123|124|1|1
#l:5|124|13|1|0
#l:6|122|125|1|0
#l:7|125|126|1|0
#l:8|126|127|1|0
#l:9|127|14|1|0
#l:10|14|13|0|0
#l:11|11|14|0|0
#p:1|Hero1|11|mO^;0;1;1
#st:1|1|100|100|25|1|1|1
#p:2|Hero2|14|m1^;0;1;1
#st:2|1|1|1|1|1|1|1
#p:3|Hero3|13|m2^;0;1;1
#st:3|1|100|100|25|1|1|1
#p:4|Hero4|121|m3^;0;1;1
#st:4|1|100|100|25|1|1|1
#n:1|1|NPC1|121|1|1|^0m;-1
#st:1|2|100|100|10|2|2|2
#n:2|1|NPC2|122|1|1|^1m;-1
#st:2|2|100|100|10|2|2|2
#n:3|1|NPC3|121|1|1|^2m;-1
#st:3|2|100|100|10|2|2|2
#n:4|0|Enemy1|122|0|3|^3m;-1
#st:4|2|100|100|10|2|2|2
#n:5|0|Enemy2|11|0|3|^4m;-1
#st:5|2|100|100|10|2|2|2
#n:6|0|Enemy3|11|0|3|^5m;-1
#st:6|2|100|100|10|2|2|2
#n:7|0|Enemy4|11|0|3|^6m;-1
#st:7|2|100|100|10|2|2|2
#n:8|0|Spider-(not)-man|123|0|3|/o\;-1
#st:8|2|100|100|10|2|2|2
